p1
p2
p3
p4
p5
p6
p7
p8
p9
p10
p11
p12
p13
p14
p15
p16
p17
p18
p19
p20
p21
p22
p23
p24
p25
p26
p27
p28
p29
p30
p31
p32
p33
p34
p35
p36
p37
p38
p39
p40
p41
p42
p43
p44
p45
p46
p47
p48
p49
p50
p51
p52
p53
p54
p55
p56
p57
p58
p59
p60
p61
p62
p63
p64
p65
p66
p67
p68
p69
p70
p91
p92
p93
p94
p95
p96
p97
p98
p99
p100
p101
p102
p103
p104
p105
p106
p107
p108
p109
p110
p111
p112
p113
p114
p115
p116
p117
p118
p119
p120
p121
p122
p123
p124
p125
p126
p127
p128
p129
p130
p131
p171
p172
p173
p174
p175
p176
p177
p178
p179
p180
p181
p182
p183
p184
p185
p186
p187
p188
p189
p190
p191
p192
p193
p194
p195
p196
3
4
5
6
7
8
9
10
23
24
25
26
27
28
29
30
43
44
45
46
47
48
49
50
63
64
65
66
67
68
69
70
83
84
85
86
87
88
89
90
103
104
105
106
107
108
109
110
113
114
115
116
117
118
119
120
123
124
125
126
127
128
129
130
133
134
135
136
137
138
139
140
143
144
145
146
147
148
149
150
153
154
155
156
157
158
159
160
163
164
165
166
167
168
169
170
173
174
175
176
177
178
179
180
183
184
185
186
187
188
189
190
193
194
195
196
197
198
199
200
203
204
205
206
207
208
209
210
213
214
215
216
217
218
219
220
223
224
225
226
227
228
229
230
233
234
235
236
237
238
239
240
243
244
245
246
247
248
249
250
253
254
255
256
257
258
259
260
263
264
265
266
267
268
269
270
273
274
275
276
277
278
279
280
283
284
285
286
287
288
289
290
293
294
295
296
297
298
299
300
303
304
305
306
307
308
309
310
313
314
315
316
317
318
319
320
323
324
325
326
327
328
329
330
333
334
335
336
337
338
339
340
343
344
345
346
347
348
349
350
353
354
355
356
357
358
359
360
363
364
365
366
367
368
369
370
373
374
375
376
377
378
379
380
383
384
385
386
387
388
389
390
393
394
395
396
397
398
399
400
403
404
405
406
407
408
409
410
413
414
415
416
417
418
419
420
423
424
425
426
427
428
429
430
433
434
435
436
437
438
439
440
443
444
445
446
447
448
449
450
453
454
455
456
457
458
459
460
463
464
465
466
467
468
469
470
473
474
475
476
477
478
479
480
483
484
485
486
487
488
489
490
493
494
495
496
497
498
499
500
503
504
505
506
507
508
509
510
513
514
515
516
517
518
519
520
523
524
525
526
527
528
529
530
533
534
535
536
537
538
539
540
543
544
545
546
547
548
549
550
553
554
555
556
557
558
559
560
563
564
565
566
567
568
569
570
573
574
575
576
577
578
579
580
583
584
585
586
587
588
589
590
593
594
595
596
597
598
599
600
603
604
605
606
607
608
609
610
611
612